Pressure Assisted Sintering	2016-09-13 15:25:22
Inital sample thickness:	123	mm
Inital sample diameter:	321	mm
#	Clock Time	Elapsed Time [s]	T [C]	Load [N]	dL [mm]
1	15:25:22	0.116012	25.055593	-14.895998	-2.540138
2	15:25:23	0.234024	25.112769	-15.027379	-2.540045
3	15:25:23	0.351035	25.100063	-14.922274	-2.540059
4	15:25:23	0.469047	25.125474	-14.909136	-2.540072
5	15:25:23	0.587059	25.131827	-14.974827	-2.540045
6	15:25:23	0.704071	25.100063	-14.987965	-2.540204
7	15:25:23	0.821082	25.061946	-14.922274	-2.540125
8	15:25:23	0.938094	25.119121	-14.987965	-2.540244
9	15:25:23	1.055106	25.150886	-14.961689	-2.540151
10	15:25:23	1.173117	25.119121	-14.909136	-2.540191
11	15:25:24	1.291129	25.144533	-15.014241	-2.540284
12	15:25:24	1.408141	25.150886	-14.948550	-2.540310
13	15:25:24	1.525153	25.036534	-15.014241	-2.540257
14	15:25:24	1.643164	25.087357	-14.869722	-2.540324
15	15:25:24	1.761176	25.106416	-14.974827	-2.540218
16	15:25:24	1.880188	25.119121	-14.987965	-2.540403
17	15:25:24	1.998200	25.125474	-14.974827	-2.540257
18	15:25:24	2.116212	25.150886	-14.948550	-2.540363
19	15:25:25	2.233223	25.081004	-14.961689	-2.540204
20	15:25:25	2.350235	25.093710	-14.948550	-2.540310
21	15:25:25	2.468247	25.119121	-14.909136	-2.540297
22	15:25:25	2.585259	25.125474	-14.987965	-2.540257
23	15:25:25	2.702270	25.176297	-14.987965	-2.540297
24	15:25:25	2.819282	25.169944	-14.987965	-2.540284
25	15:25:25	2.937294	25.157238	-14.974827	-2.540390
26	15:25:25	3.055306	26.192751	-14.961689	-2.540310
27	15:25:25	3.173317	32.189828	-15.014241	-2.540257
28	15:25:26	3.291329	43.091296	-15.014241	-2.540284
29	15:25:26	3.409341	55.955790	-14.974827	-2.540297
30	15:25:26	3.528353	70.402140	-14.922274	-2.540350
31	15:25:26	3.645365	85.197897	-15.040517	-2.540310
32	15:25:26	3.763376	99.148726	-14.948550	-2.540310
33	15:25:26	3.881388	112.781913	-14.935412	-2.540112
34	15:25:26	3.999400	125.163591	-14.974827	-2.540191
35	15:25:26	4.117412	135.677536	-15.001103	-2.540218
36	15:25:27	4.236424	145.479962	-14.895998	-2.540244
37	15:25:27	4.354435	155.631795	-15.027379	-2.540297
38	15:25:27	4.471447	165.586690	-14.961689	-2.540324
39	15:25:27	4.587459	175.395470	-14.948550	-2.540310
40	15:25:27	4.703470	185.013664	-14.935412	-2.540377
41	15:25:27	4.822482	194.174455	-14.935412	-2.540403
42	15:25:27	4.939494	203.017603	-15.014241	-2.540390
43	15:25:27	5.057506	211.244526	-14.922274	-2.540430
44	15:25:27	5.175518	219.191925	-14.987965	-2.540324
45	15:25:28	5.291529	226.815329	-14.882860	-2.540191
46	15:25:28	5.407541	234.464144	-14.961689	-2.540456
47	15:25:28	5.523552	242.170135	-15.001103	-2.540324
48	15:25:28	5.641564	250.155650	-14.895998	-2.540377
49	15:25:28	5.759576	258.509630	-14.961689	-2.540443
50	15:25:28	5.877588	267.282897	-14.922274	-2.540204
51	15:25:28	5.995600	276.145104	-14.935412	-2.540297
52	15:25:28	6.112611	284.981900	-15.001103	-2.540377
53	15:25:29	6.229623	293.431173	-15.040517	-2.540271
54	15:25:29	6.346635	301.492922	-14.948550	-2.540204
55	15:25:29	6.463646	309.325970	-14.935412	-2.540151
56	15:25:29	6.579658	316.701613	-14.882860	-2.540151
57	15:25:29	6.697670	324.045492	-14.974827	-2.540204
58	15:25:29	6.815682	331.109846	-15.014241	-2.540257
59	15:25:29	6.933693	338.066202	-14.935412	-2.540297
60	15:25:29	7.051705	344.755739	-14.909136	-2.540257
61	15:25:29	7.169717	351.140340	-14.961689	-2.540218
62	15:25:30	7.287729	357.512235	-14.948550	-2.540271
63	15:25:30	7.405740	363.915894	-14.974827	-2.540363
64	15:25:30	7.522752	370.211555	-14.882860	-2.540337
65	15:25:30	7.640764	376.551686	-14.961689	-2.540284
66	15:25:30	7.759776	382.987109	-14.961689	-2.540310
67	15:25:30	7.877788	389.403474	-14.935412	-2.540257
68	15:25:30	7.994800	395.654665	-14.935412	-2.540271
69	15:25:30	8.111811	401.855034	-14.935412	-2.540151
70	15:25:31	8.229823	408.093519	-14.895998	-2.540231
71	15:25:31	8.346835	414.586118	-14.987965	-2.540324
72	15:25:31	8.463846	420.977072	-14.948550	-2.540231
73	15:25:31	8.581858	426.955091	-14.922274	-2.540244
74	15:25:31	8.698870	432.723467	-15.040517	-2.540297
75	15:25:31	8.816882	438.009027	-14.987965	-2.540350
76	15:25:31	8.934894	442.894358	-15.027379	-2.540218
77	15:25:31	9.051905	445.727723	-15.014241	-2.540191
78	15:25:31	9.168917	445.162321	-14.974827	-2.540218
79	15:25:32	9.284929	441.808023	-15.014241	-2.540059
80	15:25:32	9.402940	436.954456	-15.027379	-2.540310
81	15:25:32	9.519952	431.402077	-15.027379	-2.540112
82	15:25:32	9.638964	425.678171	-14.961689	-2.540244
83	15:25:32	9.755976	419.674740	-14.974827	-2.540257
84	15:25:32	9.873987	413.982599	-14.974827	-2.540218
85	15:25:32	9.990999	408.500101	-15.053655	-2.540191
86	15:25:32	10.107011	403.043014	-14.882860	-2.540218
87	15:25:33	10.223022	397.795571	-14.948550	-2.540191
88	15:25:33	10.341034	392.630715	-14.909136	-2.540231
89	15:25:33	10.458046	387.535740	-15.001103	-2.540204
90	15:25:33	10.576058	382.548764	-14.961689	-2.540191
91	15:25:33	10.693069	377.841312	-14.987965	-2.540350
92	15:25:33	10.811081	373.248211	-15.027379	-2.540085
93	15:25:33	10.929093	368.731344	-15.014241	-2.540112
94	15:25:33	11.045105	364.278006	-14.987965	-2.540204
95	15:25:33	11.162116	360.040664	-14.948550	-2.540257
96	15:25:34	11.280128	355.765205	-15.001103	-2.540284
97	15:25:34	11.397140	351.794682	-14.961689	-2.540112
98	15:25:34	11.514151	347.913099	-14.935412	-2.540138
99	15:25:34	11.631163	344.095044	-14.948550	-2.540218
100	15:25:34	11.748175	340.353223	-15.014241	-2.540244
101	15:25:34	11.866187	336.674931	-15.027379	-2.540191
102	15:25:34	11.984198	333.015697	-14.987965	-2.540178
103	15:25:34	12.101210	329.527990	-14.922274	-2.540098
104	15:25:35	12.219222	326.160987	-14.895998	-2.540125
105	15:25:35	12.336234	322.749513	-14.239092	-2.540178
106	15:25:35	12.453245	319.230042	-10.652386	-2.540218
107	15:25:35	12.570257	316.015507	-5.528519	-2.540297
108	15:25:35	12.689269	312.756501	-0.890763	-2.540191
109	15:25:35	12.806281	309.541966	1.474098	-2.540178
110	15:25:35	12.923292	306.575192	2.761634	-2.540032
111	15:25:35	13.039304	303.595711	4.009755	-2.540125
112	15:25:35	13.157316	300.698818	4.942562	-2.540257
113	15:25:36	13.274328	297.795571	5.954197	-2.540178
114	15:25:36	13.392339	295.000323	6.965832	-2.540112
115	15:25:36	13.509351	292.103430	7.938053	-2.540165
116	15:25:36	13.626363	289.479708	9.133622	-2.540151
117	15:25:36	13.745374	286.906810	10.066428	-2.540112
118	15:25:36	13.862386	284.194148	11.340826	-2.540178
119	15:25:36	13.979398	281.659367	13.206438	-2.540204
120	15:25:36	14.096410	279.130938	14.428284	-2.540151
121	15:25:37	14.213421	276.564392	15.321676	-2.540085
122	15:25:37	14.329433	274.143961	16.714316	-2.540231
123	15:25:37	14.447445	271.875998	17.371222	-2.540178
124	15:25:37	14.564456	269.455568	19.223697	-2.540151
125	15:25:37	14.680468	267.162194	21.365210	-2.540072
126	15:25:37	14.798480	264.843408	22.731575	-2.540244
127	15:25:37	14.916492	262.556387	23.900867	-2.540032
128	15:25:37	15.033503	260.218543	26.094933	-2.540178
129	15:25:37	15.150515	258.103049	27.316778	-2.540085
130	15:25:38	15.267527	255.968496	28.748833	-2.540191
131	15:25:38	15.383538	253.903824	28.972181	-2.540165
132	15:25:38	15.502550	251.794682	29.156115	-2.540218
133	15:25:38	15.619562	249.749069	29.248082	-2.540231
134	15:25:38	15.736574	247.608163	29.156115	-2.540125
135	15:25:38	15.854585	245.702312	27.408745	-2.540297
136	15:25:38	15.972597	243.777402	23.073166	-2.540218
137	15:25:38	16.089609	241.896963	19.039763	-2.540257
138	15:25:39	16.206621	240.054640	13.745101	-2.540178
139	15:25:39	16.324632	238.225023	8.200815	-2.540271
140	15:25:39	16.442644	236.261997	1.868242	-2.540218
141	15:25:39	16.560656	234.489555	-4.109602	-2.540191
142	15:25:39	16.677668	232.774289	-7.985347	-2.540204
143	15:25:39	16.794679	230.995495	-10.888872	-2.540297
144	15:25:39	16.912691	229.331052	-13.030385	-2.540204
145	15:25:39	17.030703	227.628492	-14.278506	-2.540257
146	15:25:39	17.148715	225.944990	-14.974827	-2.540178
147	15:25:40	17.266726	224.191607	-14.922274	-2.540218
148	15:25:40	17.383738	222.654221	-14.961689	-2.540218
149	15:25:40	17.500750	221.085070	-15.001103	-2.540297
150	15:25:40	17.618762	219.503214	-14.974827	-2.540284
151	15:25:40	17.735774	217.934063	-15.001103	-2.540257
152	15:25:40	17.852785	216.434794	-15.027379	-2.540350
153	15:25:40	17.970797	214.814820	-14.961689	-2.540271
154	15:25:40	18.087809	213.340962	-14.974827	-2.540098
155	15:25:41	18.204820	211.848046	-15.027379	-2.540231
156	15:25:41	18.320832	210.380541	-14.987965	-2.540257
157	15:25:41	18.437844	208.938447	-15.040517	-2.540231
158	15:25:41	18.554855	207.426472	-15.014241	-2.540297
159	15:25:41	18.672867	205.971672	-14.961689	-2.540125
160	15:25:41	18.789879	204.554989	-14.935412	-2.539807
161	15:25:41	18.906891	203.233599	-14.961689	-2.539873
162	15:25:41	19.024902	201.842328	-14.974827	-2.538667
163	15:25:41	19.142914	200.520938	-14.948550	-2.537766
164	15:25:42	19.258926	199.167784	-15.027379	-2.536176
165	15:25:42	19.376938	197.846394	-14.935412	-2.236427
166	15:25:42	19.494949	196.486887	-14.974827	-2.072202
167	15:25:42	19.610961	195.292554	-14.974827	-2.125985
168	15:25:42	19.728973	194.021986	-14.987965	-2.085426
169	15:25:42	19.845984	192.789536	-14.961689	-2.033670
170	15:25:42	19.962996	191.626967	-15.027379	-1.984644
171	15:25:42	20.081008	190.407223	-15.014241	-1.970175
172	15:25:43	20.199020	189.073127	-15.014241	-1.866650
173	15:25:43	20.317032	187.942322	-14.935412	-1.863496
174	15:25:43	20.435043	186.849634	-15.053655	-1.848298
175	15:25:43	20.552055	185.744240	-14.961689	-1.701047
176	15:25:43	20.668067	184.575319	-15.014241	-1.652246
177	15:25:43	20.787079	183.495336	-14.987965	-1.636505
178	15:25:43	20.905090	182.307356	-14.948550	-1.636346
179	15:25:43	21.023102	181.227374	-14.922274	-1.551491
180	15:25:43	21.141114	180.191861	-14.948550	-1.501047
181	15:25:44	21.258126	179.137290	-14.895998	-1.461176
182	15:25:44	21.375137	178.063661	-14.961689	-1.450629
183	15:25:44	21.493149	177.053560	-14.961689	-1.360712
184	15:25:44	21.610161	175.967225	-15.014241	-1.254842
185	15:25:44	21.727173	174.925360	-15.040517	-1.178878
186	15:25:44	21.845184	174.004199	-14.974827	-1.064872
187	15:25:44	21.962196	172.981392	-14.961689	-0.967164
188	15:25:44	22.080208	172.009408	-15.001103	-0.812254
189	15:25:45	22.197220	171.018365	-15.014241	-0.717183
190	15:25:45	22.315231	170.033676	-14.935412	-0.640000
191	15:25:45	22.433243	168.953694	-14.974827	-0.448413
192	15:25:45	22.554255	168.051591	-14.935412	-0.299705
193	15:25:45	22.671267	167.130429	-14.909136	-0.282174
194	15:25:45	22.789279	166.190210	-14.948550	-0.170156
195	15:25:45	22.906291	165.243637	-14.961689	0.008710
196	15:25:45	23.022302	164.328829	-14.948550	0.207611
197	15:25:45	23.140314	163.382256	-14.948550	0.352225
198	15:25:46	23.261326	162.461095	-14.909136	0.428004
199	15:25:46	23.379338	161.647931	-14.961689	0.430482
200	15:25:46	23.495349	160.707712	-14.909136	0.550782
201	15:25:46	23.613361	160.078781	-14.922274	0.713456
202	15:25:46	23.730373	159.259265	-14.909136	0.886346
203	15:25:46	23.848385	158.369868	-14.935412	0.979350
204	15:25:46	23.966397	157.378825	-15.001103	1.086956
205	15:25:46	24.083408	156.635543	-14.922274	1.129596
206	15:25:47	24.201420	155.847792	-15.014241	1.313868
207	15:25:47	24.318432	154.996512	-14.909136	1.443205
208	15:25:47	24.435443	154.170643	-14.895998	1.476106
209	15:25:47	24.553455	153.306657	-15.014241	1.531214
210	15:25:47	24.671467	152.423613	-14.909136	1.690960
211	15:25:47	24.790479	151.616803	-14.974827	1.772873
212	15:25:47	24.907490	150.803640	-14.948550	1.872980
213	15:25:47	25.025502	150.041299	-14.909136	1.904979
214	15:25:47	25.143514	149.190019	-14.895998	1.972079
215	15:25:48	25.260526	148.383209	-14.974827	2.096208
216	15:25:48	25.377537	147.525576	-14.935412	2.197600
217	15:25:48	25.495549	146.667943	-14.974827	2.305259
218	15:25:48	25.613561	145.950072	-14.922274	2.418814
219	15:25:48	25.730573	145.187732	-14.935412	2.487716
220	15:25:48	25.846585	144.361863	-14.895998	2.495388
221	15:25:48	25.964596	143.643993	-14.974827	2.495825
222	15:25:48	26.082608	142.837182	-14.948550	2.496223
223	15:25:49	26.199620	141.973197	-15.001103	2.496885
224	15:25:49	26.317632	141.287090	-14.922274	2.496779
225	15:25:49	26.435643	140.594631	-14.961689	2.496024
226	15:25:49	26.553655	139.876761	-14.987965	2.425479
227	15:25:49	26.671667	139.152537	-14.987965	2.344626
228	15:25:49	26.789679	138.396550	-15.014241	2.289292
229	15:25:49	26.907691	137.589739	-14.948550	2.221874
230	15:25:49	27.026702	136.916339	-14.948550	2.188391
231	15:25:49	27.144714	136.242938	-14.882860	2.129586
232	15:25:50	27.261726	135.525068	-15.040517	2.037350
233	15:25:50	27.379738	134.826256	-14.843445	1.953052
234	15:25:50	27.496749	134.108385	-14.935412	1.939417
235	15:25:50	27.613761	133.333339	-14.935412	1.861015
236	15:25:50	27.730773	132.602763	-14.987965	1.764526
237	15:25:50	27.847785	131.961126	-14.948550	1.687806
238	15:25:50	27.964796	131.338548	-14.909136	1.631466
239	15:25:50	28.081808	130.652442	-14.948550	1.510649
240	15:25:51	28.199820	129.972688	-14.987965	1.407959
241	15:25:51	28.317832	129.299288	-15.040517	1.385500
242	15:25:51	28.436843	128.606829	-14.961689	1.278755
243	15:25:51	28.554855	127.952486	-14.961689	1.169400
244	15:25:51	28.672867	127.399790	-14.987965	1.059025
245	15:25:51	28.791879	126.770859	-14.974827	0.952002
246	15:25:51	28.911891	126.141928	-14.961689	0.912807
247	15:25:51	29.030903	125.500292	-14.935412	0.764867
248	15:25:51	29.147915	124.744304	-14.935412	0.627408
249	15:25:52	29.264926	124.083609	-14.922274	0.507850
250	15:25:52	29.383938	123.518207	-14.961689	0.331144
251	15:25:52	29.501950	122.940098	-14.987965	0.215959
252	15:25:52	29.619962	122.298462	-14.961689	-0.025171
253	15:25:52	29.738974	121.644120	-14.987965	-0.220176
254	15:25:52	29.857985	121.015189	-14.935412	-0.483540
255	15:25:52	29.974997	120.278260	-14.974827	-1.063838
256	15:25:52	30.092009	119.763680	-15.014241	-1.485742
257	15:25:53	30.210021	119.191925	-14.974827	-2.225761
258	15:25:53	30.327033	118.651934	-14.974827	-2.535302
259	15:25:53	30.444044	118.042061	-14.961689	-2.537263
260	15:25:53	30.562056	117.463953	-14.948550	-2.538813
261	15:25:53	30.679068	116.803258	-14.961689	-2.538853
262	15:25:53	30.795079	116.282326	-15.001103	-2.539025
263	15:25:53	30.913091	115.723276	-15.001103	-2.539051
264	15:25:53	31.030103	115.183285	-14.987965	-2.538932
265	15:25:53	31.148115	114.586118	-15.014241	-2.538985
266	15:25:54	31.266126	114.084244	-14.895998	-2.538945
267	15:25:54	31.384138	113.474372	-14.882860	-2.539104
268	15:25:54	31.502150	112.959792	-14.895998	-2.539171
269	15:25:54	31.619162	112.508741	-14.961689	-2.539012
270	15:25:54	31.737174	111.917927	-14.948550	-2.539078
271	15:25:54	31.854185	111.473228	-14.843445	-2.539051
272	15:25:54	31.972197	110.990413	-14.974827	-2.539104
273	15:25:54	32.090209	110.425010	-15.027379	-2.539131
274	15:25:55	32.206220	109.802432	-14.987965	-2.538972
275	15:25:55	32.323232	109.402204	-14.974827	-2.538919
276	15:25:55	32.440244	108.881271	-14.948550	-2.539197
277	15:25:55	32.558256	108.373044	-14.974827	-2.539065
278	15:25:55	32.676267	107.909287	-14.909136	-2.539038
279	15:25:55	32.793279	107.439177	-15.040517	-2.539104
280	15:25:55	32.912291	106.797541	-14.987965	-2.539144
281	15:25:55	33.030303	106.365548	-14.948550	-2.539118
282	15:25:55	33.149315	105.895438	-14.961689	-2.539078
283	15:25:56	33.266326	105.488856	-15.040517	-2.539038
284	15:25:56	33.384338	104.967924	-15.027379	-2.539158
285	15:25:56	33.501350	104.485108	-14.948550	-2.539104
